#Kinematic data for Hydra 1 from Ventimiglia et al. 2010
#Data from FORS2
#RA	DEC	V(km/s)	err	SIGMA(km/s)	err\PA(degrees)
#Position angle of slits: 142 degrees
1.591784951014287799e+02 -2.751246008801152243e+01 3.866000000000000000e+03 5.300000000000000000e+01 4.540000000000000000e+02 4.900000000000000000e+01 1.420000000000000000e+02 1.600000000000000089e+00 3.599994789490119018e+01
1.591863581677721413e+02 -2.752135054532359248e+01 3.871000000000000000e+03 1.200000000000000000e+01 4.330000000000000000e+02 1.400000000000000000e+01 1.420000000000000000e+02 1.600000000000000089e+00 2.500006341291958378e+01
1.591917551277153393e+02 -2.752745159842030986e+01 3.887000000000000000e+03 1.300000000000000000e+01 4.470000000000000000e+02 1.500000000000000000e+01 1.420000000000000000e+02 1.600000000000000089e+00 3.099998593987422879e+01
1.592026897125834068e+02 -2.753980994012657391e+01 3.847000000000000000e+03 2.100000000000000000e+01 4.320000000000000000e+02 3.500000000000000000e+01 1.420000000000000000e+02 1.600000000000000089e+00 5.800026601473479815e+01
#Data from GMOS
#Position angle of slits: 63 degrees
1.591875009999537838e+02 -2.752322426297501679e+01 3.753000000000000000e+03 3.300000000000000000e+01 3.810000000000000000e+02 3.800000000000000000e+01 6.100000000000000000e+01 5.000000000000000000e-01 1.000000000000000000e+01
1.591816327319847630e+02 -2.752621429484969084e+01 3.750000000000000000e+03 8.000000000000000000e+00 2.280000000000000000e+02 1.300000000000000000e+01 6.100000000000000000e+01 5.000000000000000000e-01 6.000000000000000000e+00
1.591798977442807086e+02 -2.752709831523945994e+01 3.779000000000000000e+03 8.000000000000000000e+00 2.030000000000000000e+02 1.500000000000000000e+01 6.100000000000000000e+01 5.000000000000000000e-01 4.000000000000000000e+00
1.591788879368866390e+02 -2.752761283780583312e+01 3.773000000000000000e+03 7.000000000000000000e+00 1.910000000000000000e+02 1.300000000000000000e+01 6.100000000000000000e+01 5.000000000000000000e-01 2.000000000000000000e+00
1.591779474299999890e+02 -2.752809205000000148e+01 3.778000000000000000e+03 6.000000000000000000e+00 2.010000000000000000e+02 1.000000000000000000e+01 6.100000000000000000e+01 5.000000000000000000e-01 4.000000000000000000e+00
1.591769351475877841e+02 -2.752860783365109398e+01 3.786000000000000000e+03 6.000000000000000000e+00 2.040000000000000000e+02 1.400000000000000000e+01 6.100000000000000000e+01 5.000000000000000000e-01 2.000000000000000000e+00
1.591759550404111678e+02 -2.752910722320080694e+01 3.809000000000000000e+03 1.100000000000000000e+01 2.000000000000000000e+02 2.000000000000000000e+01 6.100000000000000000e+01 5.000000000000000000e-01 6.000000000000000000e+00
1.591742349028158685e+02 -2.752998367708224947e+01 3.794000000000000000e+03 1.100000000000000000e+01 2.670000000000000000e+02 1.600000000000000000e+01 6.100000000000000000e+01 5.000000000000000000e-01 1.000000000000000000e+01
1.591695323683826473e+02 -2.753237973805309835e+01 3.850000000000000000e+03 1.300000000000000000e+01 2.520000000000000000e+02 2.200000000000000000e+01 6.100000000000000000e+01 5.000000000000000000e-01 1.000000000000000000e+01
